1219917144152175521192937532735222272149142113771132143147736143821412611744118289583116354731774896
2557512188918722129241527232426994127475524882192911212273111191198918793769715954435631918975113353
5148523873321627398918131496732819295119712179711821713519886567141523157142619551992311453629315192
9632263822975132424163835224215815892118427192363791212959143352271227157116392913928119722459511125
3185531228179249199132957128512117111252215481499141912134153119363486721329112488129931544281746943
6444131257861912212213566341547625318612947741947592216383971229498251819853114728336521972351727213
6119491432245199553227565792296746663122251697311779965288819515139517181957182294511562659256672111
4171583111313321126172811385811255321273232454216251182121721131484211131831222492993728891981971114
1341849511511242171164255384447912212224719734743691122834632315218249551449671182115252121111156181
1121112491757379637111862858819612765926153911965619342514253127318148225883471116411283421481483345
1167137612323494235488916856964241714189111237191123629184132141111145253521464198423217838223242512
4311612195114191713711476122347911218991144817112121211611193399913617171241119191358941941128724511
2123711542281113233832612196322232224151811634272257192329211311115581942712113212557511132196641138
1213849757651153121353111121622819181131276414791121199285198731447891282943722115918164451314891482
8452414871316392311777435436449543321181278443124146282942335735799416795143316673734922393215263431
1279122141849833212177412212838363622166617823729182112922111161453729411617138551811798732554949918
1249419231711833991175332636161189983115218158581538822611657182121479211193211938125232371429245361
1319258512511139586913231118441291591712823735497296423917382353927134296132251532517492181693411375
3525191191342199293611167759151664313711134582741267191119461121431366123241927264523633112827214271
9387118746621534231131157516179343324752261123871127136532194122712932711311169283228722736522371834
4773514993519731492815621358211411439197463211136622834191131692919839112122181453172122255696861725
3198931377211519252141913161796151721418913267284128732587818431983433989963478138411161529411442572
2261499111361913823877342734465371229822182162132411947122174411152929198117151833172327911496151286
1961496281554884563122217455413111211628441529812218185321989446486689759325931211447941121311212314
3897242126711516589731569241135932561698777441162448251991349531993617884911148182621295295122135611
2412811444213823453246272367143231179558517361221185171111342171325361145992297331819913259413111527
9611111926111324991251141139812726231992911859513889884411422919226713323221711295798927912283813619
9563121343236772122984113282397434332892136811221126115712291632516112269949177199243128132147287541
8111836813275591191867182961221351352186133971921336475946474313133263141973412912119126431488746929
1819173956922111422339121928412725813184246318863216182117297149338314431117222121391942333715414442
3555392111317621347223556715543171546344431881435581192481113191839943868211448112211874545221334171
2222739299125482136593114624843922229242828241722681491234612921121197412271122915951873118379932344
8894211352921451247112111832115887222164719188413154182176233121511325216772371748814217111971291441
1241119546122152111234315223196183447191811299123422311336244221352485349331293341114119632223634797
4637913139122613238169186977764211118113343332851211117171224779326113113921321619812743123318122412
2461337399253583154176111281131145124112913691774116211773211142599211377341692716467112811115121192
1153375721177212844436432531661238112449236334311651313321796596121211551711299261661929611861251898
4893154234747691512431996536141312369111759297162949119242173188691662292511328133924822414724191117
5211775126411114348121619292141499234125581151111113111149141278442371171172594946555112147652634299
5917442496111599898513259229261421311181591691652923111351675561542342955131564454586482191829212192
9865167621895314375711471159161159158313433712114124412212168279119321622991152764966122421479798231
6548332431327841911816143662519918911614913451327118181631211961151355726862969176165531631753248521
5122351829687371111443237234211291132275428173941122649496341219371168219125531141627511818841483129
3141533982287711251295246118381924133118191856944972112175571441512626962511223133726161425521149241
1821514936525118453193161518897576271879751936248147412942297553212947276421421999264129282438111231
6141863149146173593991157124416744781625932429378911421331232112247414988122711418587999129921221122
2895979246915111697386933211415182292171391339699351319296991249321449625463511311243334911121812412
9177815411963232141161419498192413849819511221131618249691181151221218142512512822221741292341241892
9819396217132198357912599619225141914974518191118289523187528714716116111413142941111222347936964419
7765213221824954389191123482488934933151372615399632117813129121643375133484515211794242186441632541
6951214213553792986255118522686218217292313176158411312115195111332671114991213236936519198143236111
9118287696282937591138441514192592117643231764197725942334257111713232715122281852399745911114271137
4566422611231133195134162897522357348143161728134311794135115211225351133121513783383214256277311532
4475393713114151182644171131852591421261492882128118319154692171421187171684511672619911172348164194
1111217799913661277119632571453317646718377991238132523827595949362221445516394911114115131363191811
7765812716992133119444669152192111667198133189233863123711311327383681188761121456592218131114819336
1388184462842955782412892223162192325251579369336785211348512617232196131228482959731138937157718498
1442281432432331243141181167352743261155331127154521914436339624135153921111991841222144349221983263
2118911111722128423435369234197632171161321332713739152981254534392116711212168748182558241119612292
7425835555999411456115219711486928871791194911622422443131131151869943793121849452757479151541193238
6273533932119332144337838911241924161952426152244282136613131931814413713937961331142348314112627681
3619382443482484922182198232111231252214976973134811171119137322129479818551912311199121291122162929
3912426218529951835351144327195139233117757188845988637711159522282848376115132711917168971451261518
3265925112111433392872328782961619171185173966152417141155325312131122616411333111238191716261257485
1242716431166513161625111114683932616217931984541184688911592972726739656935164145121145132631314979
3415492185254118831924313536616252481713116172113531691597114621371211158112161119334313826141379994
5441892282127311173977232233728731115776543922581812411399115488149292752192929319849273222151196922
1235743787531916112292489438144472231211658527293188711973137267112212211167314293171287136682955115
1333294722215132412221221262162219457229132119913516725252151338221919327451136911113112117336822515
9331231123592911822263353141831119975118161447142819761483517671116143433133142332512659131913222721
3992253114286291383443278312415738212511824722112142285454597529913218231311912211942471216196171264
7711342215218256815142128911292422371111121543424241292139213131665264611211251126121888119691522734
8411511211111416645747264431231945531421941991159321719191626986135153918923138823123521913311198361
6121728223451261313327971988476382228291893892961729321143199752834127947814918789111334173233399917
9313991119478121911791171414449229764818191131372312248732529637235133261912819111353262161311546151
6649929178412651913799572613826355481534259121496795338311425411595416142114438611896811513191294332
2132111122838179135732712817169152933112621182473182281571194352212917691913414532612228113172111358
2134222915341933394564321262512639111728333221919123218326614591155318825191435373754119826745581171
6742116731122431232352198412116792152911711441192111114918117431269171311433451923331143412222412131
7219269346518212476157254134997112325122255417321112617147112914699612443937121912819111166191791856
1291426781442111827269315611129912298472441375137133924961118112332121213446939299391382279288479832
5111286128131184229931541119389592147372869163918183417952918911352311258311537699525638569517633869
1359593994121893927658864372474592242416516361415129132114962419923181927917646131191196311617581293
1237169312421138451513332522714144374669422211691149331324891299921786471185594199159179126153974198
7138277991213181681291435176294846458821417597651324616721711192111269574424121725841217526321921113
2161711131191415119721833839443682513651341232156254241697172725136211433293118592564228291612193175
1727751123829611982619162593242155341421111359221311219161583917218119189643995635165131411717212478
3117829197616964164244562631312123353771267731191121111669399731835815516112513151252241917416362637
3194136151344178679113326751926511212592171651666551146418825317116834246251364323719111772313131587
4291217141757268211156428822859436947765174113615122993621171932855219161411491911134545431181711299
5997413363617522311289962152813138983337592831554436331449697411511331141919367112145863531983739525
4921956113922148983493293662286283931168581912293125191141141933921922555924248751397286198663591915
1215941691191215417121184719678595241271547449751274399115174111167841222943228823242831122511727131
1159182321242861312426534714612318674343111171114851259411791112329417724215297322521225512741224311
6281341219211943791368131121321267212256393218518218419131162114813236387812741163832532141821219916
4193245278439599314115597967195121393211954731119312111183627617215112219382729591791697152923521124
7271212528143433228925278813516213957172122199181859163721121116782941621321111232342127151299298258
1193171222181731577512311151622115325981249325524411329527149123294187131519331115293169191191188974
7361414488876111685422912712199945339791122321313661373284819524231223276991835456242151321911173365
6132116139116159519661211214183822195812917735711165919172937611282417713718496254611651115137154211
