87501   76559
70867   16862
12959   38527
56898   81917
80416   13287
28886   54457
79252   30354
47576   88490
43354   37397
89248   74846
39921   24805
98636   51185
33277   31605
45307   13417
33326   72874
14449   42023
64412   40326
12630   40326
35665   41197
35932   59560
22757   76636
97387   91997
83599   74846
33718   54077
20879   65995
42419   35638
50241   41197
94123   27231
82872   65149
41378   85282
81233   65415
98875   21219
21517   81917
36314   65845
64212   43331
94404   34854
42166   87444
13351   12627
53796   47507
19837   28551
59598   71749
47765   93643
11282   91997
71285   69206
27075   56104
11470   50196
75795   17345
77811   85578
56347   74690
54911   35921
26533   96584
75314   58859
49216   30077
94855   14154
10775   91997
58190   81917
38228   85154
88321   21470
99407   38527
39166   13647
22369   96563
61678   29486
94911   64616
99565   66640
64630   86818
60973   22185
83684   27341
44345   22530
43964   11793
13207   62913
20848   30354
43944   38527
48992   38527
44659   10142
93179   96119
80123   86215
46758   75732
34750   18011
38136   92652
25072   58141
99637   96563
42591   32117
48968   60830
68846   15876
63257   19695
20217   69184
50862   86772
35900   31605
61185   10607
41487   98125
29962   81917
44777   73031
40743   25415
57518   13407
89369   36534
36269   31605
59657   27902
72361   51185
71609   15589
76578   19417
35670   18977
99141   95960
30841   55313
91034   30354
70937   81509
65910   12959
62321   74690
39367   79276
39883   23467
15590   54077
70456   26094
21706   97640
91933   26097
88390   65845
24955   91997
87059   71437
33177   86262
57578   84284
24831   21219
19693   74846
87500   20041
88393   50151
18468   69184
61548   69184
75166   74739
80975   52736
54909   58854
85260   61330
86203   15355
75868   81154
57081   81917
44633   41212
53395   92203
38922   84627
45580   22005
11492   12959
13813   23052
77790   31605
97416   41197
60784   40326
91432   12377
64293   74468
53735   54077
11377   23052
35848   57154
29067   57838
14215   61664
72068   30354
23691   58540
17111   28991
66651   12959
35155   25057
76500   74690
59018   78562
51786   64460
12770   80286
41212   53868
85299   46294
58892   21646
46842   31347
80228   82547
21816   41197
63096   69071
55837   74130
13699   99276
88678   23052
17917   65679
42692   28551
42536   90759
29227   74130
44887   47070
14869   96563
62941   87555
96430   52517
92100   96563
69859   65845
78066   55780
71937   80440
79682   46524
90428   37542
17489   76606
12443   48973
92963   12959
13845   39796
27104   19295
84047   92652
17026   54077
16587   14154
38434   61664
96992   78286
60514   74130
76740   31347
77040   71639
57707   69864
18252   74823
50362   92774
87527   54077
18024   62644
16185   99146
15836   31347
71453   22056
81519   20539
92269   41197
89510   98904
64230   65845
44965   69184
97898   50122
33394   71749
51205   31347
29970   91997
18703   38527
95881   85733
78977   65679
44185   42353
59579   79102
98081   88026
75176   28551
23052   25529
23648   86507
68646   65149
81344   94453
89002   23057
91635   92652
83079   54077
19710   96563
55515   31857
94625   45828
95178   40326
43069   41940
32573   48931
28551   28551
71918   31605
64790   25534
70603   80997
98971   60973
26316   45940
56050   47638
70043   86262
89213   96563
19535   86236
75037   86262
56394   30161
10420   38501
97325   34627
79627   38019
90943   64789
89009   65149
41714   74846
56219   30354
67414   33426
70637   91997
65116   68219
65081   92652
30062   28551
53883   74846
82201   35608
30366   36832
92536   34251
41242   23208
28183   95131
95821   20974
70104   53868
92750   81866
19452   31605
63808   40326
48841   74690
78057   28551
18349   23052
49722   69184
47153   92162
87301   17834
62420   60858
77680   46524
27690   17204
59409   92652
42268   28551
63330   17663
36144   77627
31999   23179
63097   44128
32578   30185
37261   39103
75864   10428
49682   64324
19524   86615
21013   57384
28003   14804
69912   23052
56391   16437
55578   63279
66306   38527
50485   97228
17388   69184
68640   51185
34002   69184
53182   74846
26868   30764
54480   21219
78677   30346
63487   49614
96563   41212
63947   86772
95430   19044
66914   70185
17750   12959
44339   31260
91997   85956
19858   81917
39187   14154
31250   11742
81979   11075
43865   93422
41577   12959
59486   26106
84822   67408
83663   28563
53342   88705
88483   31347
26040   64385
59222   22924
28173   52034
47265   12959
98279   23813
74690   53868
50359   17936
24495   97323
67473   74690
31605   86772
47293   69495
78146   54077
62042   74130
22969   81917
86262   41212
20100   14154
31926   51869
83586   20705
78067   87533
15120   80541
60964   74514
25983   86772
22555   85287
82691   41212
33704   54077
60332   65149
88891   54077
11798   54077
33296   95893
21560   71749
72107   23992
99423   16437
74019   53868
11793   31347
24580   57047
29058   41212
13516   65325
45127   65149
78583   68013
47357   26483
74336   54077
73563   89201
48046   22056
99277   40534
51620   22865
26126   50197
39198   46524
99101   38128
53868   57894
60036   79056
98998   14506
33596   49268
96813   97654
63461   51185
44286   31605
32282   65845
40326   21219
31739   99276
86081   64405
17565   11401
98499   52794
54371   51185
64366   91997
22558   44849
80145   80748
55344   30354
82390   78198
67477   52858
41679   65845
26759   61664
25479   24285
84759   94740
23922   31734
69409   32214
16130   14154
17075   41197
26992   88528
75638   14608
40799   31367
70389   65387
48822   91997
82741   65149
53111   75593
96714   91408
61824   98553
80721   68977
14154   26094
65521   21219
62357   65149
17248   33364
62195   96563
31347   69184
21582   96563
67200   15744
32845   70938
69303   16437
43616   94424
70647   32249
37198   29513
56883   86314
55553   74130
44144   29558
93899   31605
94230   96563
92309   65679
69517   91305
30628   21219
14181   15109
86696   59832
92793   79552
26915   12959
32013   99276
81917   11773
85533   91997
10291   57895
47306   86262
40182   86772
78380   96563
14074   31347
29716   51680
34074   69184
83682   79659
32571   81917
24215   65845
14613   30354
86190   46524
22056   77073
47602   77596
40618   22388
61777   69973
83610   86262
41123   74442
14249   55123
49493   94023
42659   94250
38055   92652
49301   72817
92652   96746
96637   41212
63286   53868
64698   19412
48939   65149
77435   42058
86082   97780
56906   31605
18370   69184
55583   96944
10163   99796
57905   99276
62348   28809
84711   81543
14792   31605
27680   69184
90559   55495
56049   23052
30776   23052
25298   89829
72656   86262
74027   34083
79517   31376
70497   36800
67662   65845
71206   47116
14457   17103
79508   31347
69184   24527
18264   85310
16462   81917
48031   53868
85157   82675
12794   67521
56636   69184
63663   23052
83754   12959
90766   27743
48559   15605
95519   43790
24578   14154
13264   29964
72984   53868
23859   27144
52266   14154
74332   27923
40908   37044
45622   65679
97941   41197
29959   72533
75077   76897
43027   69795
75223   54077
46175   41212
60194   78373
63100   51133
41845   19241
33956   85483
71994   81917
32196   30354
26319   55110
52113   38527
45378   17528
29872   15275
45386   92652
50436   51185
59375   77172
29944   96563
80342   40326
10493   16437
97587   64996
59750   65664
88477   53868
95607   53868
81650   60061
89497   21219
60828   69184
18759   41212
25409   86772
42395   73365
42537   71749
23075   15595
33176   92903
61312   77585
49549   16437
13037   30354
22694   27763
55457   40372
41517   74846
62998   69981
33002   81778
19731   50866
37666   72519
44046   80344
16308   34728
39639   35278
52166   58851
18885   51185
52717   16437
54738   51185
30354   23052
71905   83743
53902   53981
49202   45117
29053   53704
73107   93596
10814   81917
47137   81917
14681   46524
23659   19157
41523   19877
37342   74712
14677   35820
80367   30354
29514   68638
92987   44546
53999   13219
53071   12959
18116   30354
41120   21219
24265   13890
74236   12238
16153   40253
29225   16518
77153   69767
11156   15109
17676   72608
97762   69184
14294   74130
20945   53868
89054   69842
50026   92308
11773   35864
43398   46524
81325   76898
72450   94665
73264   14831
11738   45600
47816   33630
96440   38527
49621   26094
99276   86262
83302   66242
44195   82631
72375   19298
62769   30354
24836   41212
54126   12959
56172   53521
40147   84315
15109   48388
36959   44227
72676   50902
29907   57407
17101   59056
27776   92652
33908   38484
31997   41212
60558   60338
76898   29376
66530   12210
55325   74690
14813   81185
65149   86262
64181   42618
13236   75101
85280   25972
23433   27380
76693   28959
27598   65845
85215   16437
69326   31605
73527   54077
83772   50003
13383   90621
74846   86772
76968   51536
67965   99132
75669   71623
11827   13380
65958   99706
27705   54077
29880   83668
64798   37851
15552   20138
81369   86262
16035   13132
19559   34135
58504   41212
53208   96563
72798   44868
63911   54077
73341   86272
57970   81361
34600   40326
32884   85531
71749   49989
16407   39922
48023   47921
55208   38527
87016   88919
61959   71284
14403   20794
61664   74846
84201   12488
73175   16437
75814   65638
91655   98512
33948   23052
80300   69184
70886   76898
41410   65149
78044   16437
32339   58862
16859   18026
10047   30354
23013   31605
37757   22056
28383   39425
88083   23844
91191   21148
21219   53868
68359   54326
36728   81111
83279   55929
30823   72588
94846   60851
45506   40326
33240   21219
65845   61445
45314   95859
94477   91997
41623   91997
18698   81917
26025   96563
67139   28719
70864   20565
63628   86772
82479   12959
56207   23052
18780   68150
61220   53868
94501   47083
58257   10169
16437   38161
89620   44175
74771   46524
99455   32934
77273   91997
20854   40324
43825   74130
89584   41212
86772   87585
16169   40326
23079   91997
20347   12771
33162   53321
77049   61664
52391   11773
98777   19105
86182   77697
84991   76064
46587   14887
13200   76667
76967   65149
56719   38542
77987   41197
74246   78717
68857   23052
92089   65845
79803   44983
16391   86083
85511   82407
14130   31605
20211   65845
51868   35534
11881   17074
43073   87808
74013   95379
63581   91997
67718   75679
95358   38527
78186   12888
35563   61664
63140   92652
11832   54077
11698   58297
22084   11865
98044   64989
26094   35964
45393   92652
38527   93080
66819   46524
31166   52386
39568   79757
94063   77614
16452   83128
24171   91977
74980   12959
47814   38527
71716   45179
34263   14154
43631   53868
47023   99276
56699   27179
13150   41212
65739   46524
87085   60735
67283   21219
23771   32301
65647   55281
50600   45366
88186   54121
48164   86262
34469   21705
76035   97022
91266   69184
55549   65149
34832   38480
72693   74690
66050   65149
50769   63440
34690   91929
58125   37769
16861   65845
26369   65845
31834   74130
24724   76898
35677   46524
79253   16437
29593   31347
29695   51028
18196   96563
33927   74846
24378   16437
37505   47616
70048   31232
27708   53750
14952   92748
37930   53868
41197   28551
77433   38527
77320   54519
37592   82995
73963   65149
67891   66894
71199   71879
13884   73982
97681   33048
44494   21083
56856   62395
56521   48031
11077   40326
98851   49244
19484   46916
51325   19011
74821   65679
90241   78808
24897   60176
40386   30354
66435   10877
17691   88972
17430   96495
76735   57514
23936   46524
86656   86003
81533   46524
23473   14374
44831   17013
73390   53868
20456   38527
47304   43209
95484   26094
40033   92652
49629   65845
11518   94552
99642   28659
46027   38527
93133   99640
88453   69184
52465   87482
65679   96563
51133   86262
82072   24993
65019   81577
73181   20846
25682   74846
89215   23052
75313   28895
59429   99506
95353   98713
14199   71449
28894   21219
34814   77228
12462   81917
77803   10891
54077   25857
56105   87001
49225   91997
33427   23052
28144   53868
44230   74256
64121   38385
44223   94238
91417   28551
27420   43632
49221   41212
37139   31605
65039   36279
40544   97794
70621   62790
89720   12494
93652   70171
99679   77510
48132   65845
27910   63372
61906   54077
79192   88515
52071   15109
68413   40326
38094   65845
85325   22914
34519   60686
18347   62726
74130   86262
22266   70119
24902   79593
58897   53868
67166   94563
86035   54859
32151   51640
19735   28551
86835   65845
48502   69184
98335   65461
85776   61664
31060   41212
51185   25984
10538   61666
89716   70800
93969   46524
87113   41212
94835   43501
31171   61231
63678   83332
27983   36115
31882   66078
69310   21182
57748   69184
34236   61664
22019   53868
40783   74204
11443   65306
61587   74130
32107   20837
42950   75914
30318   28551
71868   21219
11717   29036
15069   54142
46368   23052
19544   53868
96045   10501
70708   90926
66286   14154
93443   46524
22988   52299
59398   87705
54189   79654
44636   47669
34569   12959
75207   88665
57213   81917
17661   76365
76744   41550
18525   81729
44095   89137
47905   69184
64998   70782
94932   14154
79764   85179
94708   22056
97002   11773
65044   71749
81636   90224
67614   31605
69858   12959
37652   86650
59098   35258
26949   46653
19239   21219
46003   58379
77640   55716
92129   51133
46524   60031
11683   44416
72664   86772
80935   81071
12683   86262
47561   41319
97326   32695
91545   31605
50527   99276
78000   61404
58880   14154
47352   89525
64943   54678
34249   12959
90703   52069
42396   21732
17077   72444
40369   16956
17581   39897
18310   46524
93377   20361
21337   41798
31532   65845
63298   78248
39119   46524
53668   38527
50927   96563
57380   47367
68451   16437
96725   28551
49778   86415
46687   12305
93651   84334
17709   46524
36657   38527
67669   20743
18254   55605
99194   12959
51889   29126
11292   35259
39589   74690
14716   54077
71832   67905
54150   55806
36451   46524
14806   96563
63718   74103
58557   95632
98671   95757
48004   65149
20103   21592
